589
590
591
592
593
594
595
596
597
598
599
600
601
602
603
604
605
606
607
608
609
610
611
612
613
614
615
616
617
618
619
620
621
622
623
624
625
626
627
628
629
630
631
632
633
634
635
636
637
638
639
640
641
642
643
644
645
646
647
648
649
650
651
652
653
654
655
656
657
658
659
660
661
662
663
664
665
666
667
668
669
670
671
805
806
807
808
809
810
811
812
813
817
818
819
820
821
822
823
824
825
826
827
828
829
830
831
832
833
834
835
837
838
942
943
944
945
946
947
948
949
950
951
952
953
1447
1448
1449
1450
1451
1452
1453
1454
1455
1480
1481
1482
1483
1484
1485
1486
1487
1488
1489
1490
1491
1492
1493
1494
1495
1496
1497
1498
1499
1500
1501
1502
1503
1504
1505
1506
1507
1508
1509
1510
1511
1512
1513
1514
1515
1516
1517
1518
1519
1520
1521
1522
1523
1524
1525
1526
1527
1528
1529
1530
1531
1532
1533
1534
1930
1931
1932
1933
1934
1935
1936
1937
1938
1939
1940
1941
1942
1943
1944
1945
1946
1947
1948
1949
1950
1951
1952
1953
1954
1955
1956
1957
1958
2028
2029
2030
2031
2032
2033
2034
2035
2036
2037
2038
2039
2040
2046
2047
2048
2049
2050
2051
2052
2053
2054
2055
2056
2057
2067
2068
2069
2070
2071
2072
2073
2074
2078
2079
2080
2081
2082
2083
2084
2211
2606
2607
2608
2609
2610
2611
2612
2613
2614
2615
2616
2617
2618
2619
2620
2621
2622
2623
2624
2625
2626
2627
2628
2629
2630
2631
2632
2633
2634
2635
2636
2637
2638
2639
2640
2641